-39.93,92.91,1.00
21.90,93.04,1.00
-21.74,76.08,1.00
71.95,-1.08,1.00
86.43,63.48,1.00
13.35,65.01,1.00
92.41,-37.00,1.00
85.10,19.95,1.00
6.82,67.00,1.00
52.40,14.06,1.00
79.06,81.70,1.00
96.63,-54.33,1.00
81.68,21.02,1.00
-49.86,44.64,1.00
66.44,-9.24,1.00
-30.42,28.37,1.00
76.74,26.35,-1.00
64.60,-41.04,-1.00
63.24,-42.79,1.00
89.53,41.94,1.00
25.16,93.32,1.00
86.04,-2.08,1.00
70.45,89.31,1.00
68.84,47.83,1.00
20.56,77.32,1.00
61.06,18.98,1.00
55.01,9.24,1.00
73.66,81.46,1.00
-3.83,38.02,1.00
-9.49,35.06,-1.00
-35.22,67.23,1.00
99.98,-30.50,-1.00
51.29,-32.50,1.00
-92.37,94.48,-1.00
-60.48,80.01,1.00
59.69,27.18,1.00
20.76,11.12,1.00
50.68,76.39,1.00
-37.48,97.03,1.00
-88.42,81.94,1.00
96.70,-20.45,-1.00
70.95,25.11,1.00
85.88,25.51,1.00
55.67,38.40,1.00
82.75,97.18,1.00
-11.36,55.59,-1.00
98.19,-75.63,1.00
71.33,25.29,1.00
-84.09,87.90,1.00
86.38,-33.13,1.00
64.02,-8.78,1.00
79.74,-9.11,1.00
55.52,-20.87,1.00
82.70,1.62,1.00
87.30,54.57,1.00
40.53,68.81,1.00
-93.22,86.77,1.00
30.57,10.43,1.00
-4.56,76.92,1.00
29.80,95.06,1.00
95.02,18.16,1.00
55.30,59.27,1.00
96.55,44.21,1.00
27.93,62.96,1.00
-50.67,64.44,1.00
-50.92,57.09,1.00
42.05,78.76,1.00
-95.62,94.70,1.00
71.64,27.57,1.00
-66.60,67.61,1.00
41.72,20.19,1.00
5.77,-0.81,1.00
80.67,73.74,1.00
28.84,70.51,1.00
-2.42,17.13,1.00
6.23,31.52,1.00
73.84,73.22,1.00
74.14,-52.83,1.00
16.91,17.78,1.00
21.64,-13.73,1.00
-4.90,17.38,1.00
86.65,-63.67,1.00
74.72,-12.19,1.00
17.74,-0.37,1.00
-61.53,58.56,1.00
89.49,27.50,1.00
93.92,-35.14,1.00
-37.67,48.65,-1.00
-5.48,24.24,1.00
-11.23,47.48,1.00
-25.09,60.87,1.00
-21.46,25.36,1.00
70.75,31.83,1.00
-92.51,82.17,1.00
-9.57,34.67,1.00
2.61,66.57,1.00
-38.88,81.36,1.00
67.74,-33.01,1.00
-43.98,54.39,1.00
95.78,72.24,1.00
-10.36,87.80,1.00
-30.50,72.03,1.00
1.47,70.13,1.00
-62.13,87.00,1.00
96.70,87.38,1.00
81.96,54.35,1.00
-35.12,58.05,1.00
-11.03,87.42,1.00
-13.19,29.83,1.00
71.42,26.97,1.00
-98.29,98.38,1.00
87.51,94.03,1.00
87.30,-50.66,1.00
30.33,97.25,1.00
-35.17,99.29,-1.00
69.50,77.87,1.00
91.47,-72.78,1.00
47.46,96.01,1.00
-53.73,99.94,-1.00
65.55,92.17,1.00
59.65,-20.64,1.00
-57.29,80.78,1.00
96.53,-27.66,1.00
70.42,52.29,1.00
-35.48,44.61,1.00
-9.94,82.42,1.00
60.07,20.55,1.00
-74.91,68.81,1.00
63.31,-25.57,1.00
8.68,9.87,1.00
84.17,79.48,1.00
28.78,2.30,1.00
76.67,46.20,1.00
29.26,42.62,1.00
29.93,30.06,1.00
-15.70,24.24,1.00
87.85,95.57,1.00
27.10,19.87,1.00
25.14,11.55,1.00
34.40,64.09,1.00
77.65,66.96,1.00
-38.43,91.87,1.00
85.15,-52.84,1.00
82.35,90.15,1.00
26.45,80.29,1.00
84.47,12.83,1.00
-54.95,68.40,1.00
14.31,93.93,1.00
27.06,62.04,1.00
77.53,83.19,1.00
56.21,32.42,1.00
97.75,-72.42,1.00
-9.19,11.09,1.00
-92.41,83.61,1.00
-23.23,84.43,1.00
-35.68,54.89,1.00
-21.19,91.33,1.00
35.85,81.30,-1.00
-57.70,52.14,1.00
99.20,-35.11,1.00
-5.70,30.57,1.00
98.99,-76.99,-1.00
61.01,-13.35,1.00
89.26,83.83,1.00
40.76,76.09,1.00
-49.49,80.46,1.00
50.05,55.92,1.00
86.12,-26.29,1.00
21.83,41.73,1.00
11.04,94.71,1.00
69.74,36.74,1.00
48.29,78.68,1.00
37.07,53.57,1.00
-56.01,73.55,1.00
-95.06,78.74,1.00
9.42,45.05,1.00
31.19,-15.49,1.00
79.73,-31.77,1.00
16.62,80.68,1.00
98.41,2.25,1.00
40.98,-20.47,1.00
-4.66,13.29,1.00
44.80,14.10,1.00
90.24,20.01,1.00
66.21,61.40,1.00
-79.67,78.54,1.00
-38.90,80.94,1.00
25.25,30.86,1.00
19.59,81.57,1.00
31.97,14.66,1.00
90.50,61.36,1.00
71.55,-28.78,1.00
-43.89,41.44,1.00
54.27,9.14,1.00
94.60,97.32,1.00
84.26,-21.24,1.00
-70.78,79.44,1.00
-58.13,99.18,1.00
-50.64,49.35,1.00
44.35,76.30,1.00
29.53,53.74,1.00
-63.55,100.00,1.00
59.92,64.14,1.00
-60.28,58.43,1.00
62.25,-43.79,1.00
58.02,7.93,1.00
-46.92,93.99,1.00
64.15,-7.46,1.00
27.89,48.11,1.00
61.58,-36.16,1.00
55.42,76.08,-1.00
6.03,31.71,1.00
66.40,-28.17,-1.00
-2.02,83.55,-1.00
48.22,80.86,-1.00
57.40,42.92,1.00
-23.16,37.11,1.00
48.20,67.84,1.00
25.39,5.17,1.00
77.66,-58.86,1.00
-74.57,70.85,1.00
72.27,35.01,1.00
90.12,61.57,1.00
12.13,71.07,1.00
15.43,28.28,1.00
33.84,-9.03,1.00
51.18,92.23,1.00
59.11,22.99,-1.00
73.53,-21.95,1.00
92.86,-0.32,1.00
60.62,69.76,1.00
66.15,77.39,1.00
85.71,18.07,1.00
46.00,60.94,1.00
-75.07,83.72,1.00
78.94,51.02,1.00
-18.43,14.54,1.00
-27.08,72.59,1.00
16.13,45.97,1.00
-51.12,77.79,1.00
79.45,-56.44,1.00
69.22,31.25,1.00
80.75,-49.76,1.00
72.00,-43.84,-1.00
27.38,79.57,1.00
87.89,29.04,1.00
33.08,25.17,1.00
69.47,-8.45,1.00
53.37,73.10,1.00
-50.78,43.71,1.00
36.90,28.36,1.00
7.37,46.66,1.00
-43.62,84.40,1.00
-14.76,23.69,1.00
20.80,-16.06,1.00
44.90,25.66,1.00
-75.68,93.11,-1.00
94.12,40.29,-1.00
61.60,61.35,1.00
-27.51,33.14,1.00
73.72,-36.91,1.00
63.62,-39.16,1.00
47.53,94.94,1.00
86.31,-8.57,-1.00
79.97,27.31,1.00
83.59,-20.75,1.00
15.39,20.54,1.00
44.36,-20.78,1.00
11.85,33.21,1.00
61.67,62.43,1.00
67.64,8.34,-1.00
-19.32,34.09,-1.00
43.85,-12.30,1.00
-49.14,73.22,1.00
13.32,94.29,1.00
-23.84,46.90,1.00
5.75,93.77,-1.00
64.92,-45.03,1.00
-37.49,29.61,1.00
27.30,-7.77,1.00
4.21,31.71,1.00
74.46,-28.16,1.00
97.34,-76.49,1.00
23.09,46.13,1.00
27.13,61.81,1.00
70.16,94.11,1.00
51.37,48.03,1.00
54.32,9.04,1.00
-4.12,12.41,1.00
62.18,-14.71,1.00
40.74,10.80,1.00
96.09,-15.02,1.00
-7.46,14.58,1.00
84.55,-16.45,1.00
36.05,92.44,1.00
4.20,97.78,1.00
60.24,28.90,-1.00
-56.68,63.62,1.00
36.19,59.69,-1.00
-65.37,83.23,1.00
-58.32,99.33,1.00
60.47,-28.01,1.00
10.42,86.74,1.00
-98.10,87.74,1.00
61.19,-0.17,1.00
73.37,80.57,1.00
-27.63,56.73,1.00
60.06,69.78,1.00
-34.80,40.24,-1.00
36.98,-17.69,1.00
-29.32,29.60,1.00
42.27,13.86,1.00
56.76,3.44,1.00
4.34,54.81,1.00
79.05,85.87,1.00
91.21,56.86,1.00
20.90,67.14,1.00
21.75,41.23,1.00
-43.44,42.56,1.00
-2.09,41.22,1.00
87.07,73.49,1.00
76.78,92.34,1.00
77.10,-33.93,1.00
-1.93,75.17,1.00
-49.24,81.90,1.00
-74.75,89.93,1.00
-75.79,68.56,1.00
24.24,95.64,1.00
-31.96,72.42,1.00
-52.74,62.33,1.00
-2.68,60.85,1.00
66.85,47.11,1.00
-13.31,34.97,1.00
83.18,-4.78,1.00
-33.81,67.09,1.00
3.98,96.14,1.00
-4.81,38.46,1.00
40.39,79.32,1.00
-62.40,70.94,1.00
-25.59,22.27,1.00
28.08,18.80,-1.00
36.85,-21.56,1.00
41.12,86.48,1.00
-7.68,64.12,1.00
88.56,80.67,1.00
8.92,52.69,1.00
87.89,62.78,1.00
12.48,63.68,1.00
65.29,59.31,1.00
36.74,24.66,1.00
42.58,64.97,1.00
0.26,99.86,1.00
-30.37,65.68,1.00
88.85,-24.39,1.00
-32.88,76.74,1.00
0.08,52.04,1.00
60.93,-1.66,-1.00
26.93,29.86,1.00
-28.08,62.00,1.00
50.42,-28.75,1.00
-99.89,80.84,1.00
74.53,29.38,1.00
70.19,26.49,1.00
-9.40,89.11,1.00
-41.41,93.87,1.00
40.73,-28.92,1.00
76.62,-0.24,1.00
79.23,-60.24,1.00
48.00,34.93,1.00
9.16,58.81,1.00
56.40,-1.47,1.00
0.12,98.27,1.00
-14.15,31.30,1.00
96.21,-44.16,1.00
17.76,4.82,1.00
42.09,34.55,1.00
16.89,91.41,1.00
88.39,-59.66,1.00
55.44,38.17,1.00
89.34,-68.62,1.00
0.17,30.70,1.00
-58.92,51.02,1.00
78.93,-44.33,1.00
93.49,98.97,1.00
-62.31,98.22,1.00
93.62,-18.58,1.00
58.11,84.62,1.00
99.06,57.22,1.00
11.47,-1.56,1.00
89.81,60.89,1.00
-42.45,49.71,1.00
90.73,-35.66,1.00
29.43,47.72,1.00
98.39,-19.54,1.00
7.53,8.73,1.00
-18.05,20.27,1.00
-82.22,82.10,1.00
-40.53,41.79,1.00
-50.80,61.37,1.00
78.11,5.27,1.00
43.99,75.17,1.00
-13.90,49.28,1.00
-0.40,18.60,1.00
20.86,32.62,1.00
93.46,61.49,1.00
30.13,44.59,1.00
-43.87,88.84,1.00
77.64,36.01,1.00
19.09,65.69,1.00
62.73,-20.78,1.00
97.73,-76.55,1.00
-13.50,76.16,1.00
29.13,76.13,1.00
78.97,43.23,1.00
96.13,10.66,-1.00
-64.87,57.83,1.00
27.13,-6.03,1.00
-81.00,72.90,1.00
72.47,-46.16,1.00
82.65,-16.30,1.00
84.91,51.73,-1.00
-0.46,83.13,1.00
20.16,75.69,1.00
-12.02,33.04,1.00
37.26,62.32,1.00
90.48,10.50,1.00
-8.29,6.92,1.00
-9.75,76.70,-1.00
14.37,95.48,1.00
-51.48,85.92,1.00
-7.03,25.83,-1.00
-22.75,90.25,1.00
62.79,-46.30,1.00
-62.54,76.64,-1.00
-48.67,79.36,1.00
68.99,55.43,-1.00
-54.37,69.42,1.00
-80.54,75.04,1.00
58.28,90.77,1.00
-24.35,46.03,-1.00
46.24,-25.06,1.00
72.33,30.86,1.00
-79.04,96.39,-1.00
76.11,-37.00,1.00
-29.75,81.73,1.00
70.66,-8.74,1.00
-23.04,97.91,1.00
-33.97,47.37,-1.00
51.53,-7.74,1.00
73.28,37.17,1.00
93.38,56.15,1.00
-49.13,91.71,1.00
78.08,45.56,1.00
31.04,0.25,-1.00
16.17,14.97,1.00
37.70,70.20,1.00
4.32,52.86,1.00
58.84,26.84,1.00
16.83,88.39,-1.00
44.64,47.87,1.00
69.20,19.61,1.00
23.10,64.84,1.00
30.05,51.96,1.00
9.39,87.74,1.00
72.31,83.98,1.00
81.21,33.92,1.00
74.79,77.70,1.00
28.63,22.84,1.00
-52.04,74.75,-1.00
98.15,-14.23,1.00
-51.39,42.91,1.00
17.88,16.35,1.00
33.55,37.74,1.00
26.53,49.35,1.00
47.16,85.76,1.00
83.36,55.81,-1.00
-48.99,98.98,1.00
-92.79,89.95,1.00
90.31,29.03,1.00
-33.67,61.40,1.00
30.89,41.06,-1.00
30.91,72.48,1.00
97.98,34.13,1.00
-44.06,63.19,1.00
17.66,97.03,1.00
97.71,-32.07,-1.00
56.79,-32.44,1.00
82.16,-63.42,1.00
46.11,68.76,1.00
15.00,6.77,1.00
-77.43,75.99,1.00
61.07,13.57,1.00
94.21,78.36,1.00
-26.70,76.75,1.00
-20.90,64.99,1.00
64.12,68.80,1.00
0.81,93.93,-1.00
63.92,12.29,1.00
92.91,-59.99,1.00
-21.50,87.58,-1.00
49.38,-13.63,1.00
54.71,1.85,1.00
71.07,19.55,1.00
-77.89,73.52,1.00
-78.84,85.38,1.00
-48.01,45.97,1.00
98.98,98.16,1.00
17.68,81.97,1.00
34.36,-13.62,1.00
47.74,-8.46,1.00
26.85,47.19,-1.00
82.78,57.41,1.00
3.40,0.26,1.00
43.56,54.46,1.00
34.09,56.51,1.00
-0.99,70.37,1.00
57.97,57.09,1.00
53.10,85.16,-1.00
28.98,21.06,1.00
4.83,42.80,1.00
5.38,4.63,1.00
-2.43,9.80,1.00
22.07,-9.23,1.00
57.33,-35.54,1.00
26.32,-7.43,1.00
-6.40,47.99,1.00
-6.77,8.56,1.00
96.64,-30.02,1.00
78.14,73.76,-1.00
24.85,51.18,-1.00
66.55,43.27,1.00
68.08,-7.53,1.00
0.61,85.29,1.00
19.20,11.52,1.00
17.74,85.20,1.00
68.10,-2.41,1.00
32.24,-17.69,1.00
51.84,68.38,1.00
55.42,-4.21,1.00
26.33,83.33,1.00
63.39,72.36,-1.00
-76.78,73.80,1.00
84.14,11.04,1.00
93.22,-27.78,1.00
-38.97,80.73,1.00
-25.69,59.29,1.00
65.95,94.60,1.00
-43.65,85.30,1.00
-45.34,68.49,1.00
-18.45,66.46,1.00
-70.27,56.53,1.00
60.67,14.42,-1.00
61.34,98.80,1.00
-65.34,61.05,1.00
-62.25,63.53,1.00
56.07,-21.75,-1.00
63.38,-22.29,1.00
-78.64,75.29,1.00
-0.90,46.58,1.00
-49.34,82.21,1.00
26.42,39.81,-1.00
60.78,41.83,1.00
88.82,-53.15,1.00
42.78,40.60,1.00
-92.44,93.92,1.00
49.48,25.65,1.00
-23.81,26.75,1.00
92.06,-55.76,-1.00
26.86,52.70,-1.00
95.97,-39.39,1.00
6.53,88.96,1.00
-41.10,44.35,1.00
53.40,-34.01,1.00
16.44,26.18,1.00
-80.03,87.07,1.00
22.34,82.79,1.00
-5.30,65.16,1.00
22.83,77.06,1.00
-72.72,64.54,1.00
65.68,44.62,1.00
92.74,-54.36,1.00
-18.23,51.69,1.00
70.15,-42.21,1.00
77.17,28.24,1.00
54.66,93.84,1.00
-28.98,43.30,1.00
97.74,10.70,1.00
-34.16,28.36,1.00
30.94,-17.37,1.00
88.69,-58.15,1.00
73.24,56.36,1.00
53.57,35.99,1.00
51.39,-12.16,1.00
81.33,-16.14,1.00
51.51,45.57,-1.00
58.57,100.00,1.00
15.78,71.91,-1.00
39.70,9.43,1.00
3.67,84.51,1.00
25.06,-19.02,1.00
47.40,29.30,1.00
-67.99,99.69,1.00
24.49,57.27,1.00
86.05,89.59,1.00
46.57,-29.68,1.00
85.74,-20.12,1.00
-33.37,92.51,1.00
49.08,33.80,-1.00
96.24,62.07,1.00
70.95,13.94,-1.00
34.92,18.84,1.00
70.14,-28.60,1.00
27.85,81.46,1.00
48.39,67.60,1.00
-95.27,96.37,1.00
-53.82,58.59,1.00
-8.56,79.35,1.00
29.75,25.33,1.00
62.95,72.56,1.00
14.36,29.32,1.00
26.35,20.36,1.00
91.08,-66.24,1.00
98.06,37.94,1.00
61.65,61.00,1.00
54.78,-29.08,1.00
26.43,51.91,1.00
-1.34,97.35,1.00
97.02,25.93,1.00
-20.80,66.43,1.00
17.18,91.89,1.00
73.40,71.41,1.00
73.99,24.61,1.00
4.20,6.00,1.00
97.73,-8.32,1.00
68.70,79.00,1.00
49.07,-6.17,1.00
8.23,37.50,1.00
4.77,20.63,1.00
-58.48,94.80,1.00
-54.44,74.47,1.00
2.15,45.28,1.00
39.75,76.30,1.00
76.64,64.79,1.00
57.08,87.96,1.00
43.44,67.19,1.00
22.64,40.76,1.00
87.56,-65.58,1.00
-42.61,83.35,1.00
88.89,-42.51,1.00
71.71,84.04,1.00
83.29,86.26,1.00
-6.76,90.06,1.00
-20.07,78.96,1.00
-32.25,41.95,1.00
-33.23,61.21,1.00
52.96,75.53,1.00
81.10,-11.98,1.00
-58.72,88.78,-1.00
-25.89,85.31,1.00
-14.16,88.01,1.00
89.60,89.91,1.00
61.73,54.29,1.00
76.68,65.16,1.00
59.58,74.22,1.00
9.40,92.31,-1.00
88.63,89.40,1.00
35.51,-27.60,1.00
62.88,18.59,1.00
-81.83,92.28,1.00
11.41,46.94,1.00
87.35,31.61,1.00
76.89,55.26,1.00
76.56,-27.19,1.00
17.92,25.99,1.00
-9.25,10.35,1.00
42.45,57.82,1.00
-78.26,69.39,1.00
80.00,39.45,-1.00
70.66,45.83,1.00
-5.08,50.71,1.00
63.85,17.42,1.00
75.44,-12.31,-1.00
44.46,56.72,1.00
-83.07,68.84,1.00
9.40,82.21,1.00
51.59,-32.70,1.00
52.95,-2.75,1.00
-5.38,78.86,1.00
60.55,98.47,1.00
43.98,11.51,1.00
-14.58,50.02,1.00
74.76,29.52,1.00
-35.15,56.94,-1.00
15.91,44.28,1.00
85.12,39.19,-1.00
66.53,71.10,1.00
50.81,48.70,1.00
-85.37,82.48,1.00
89.34,10.05,1.00
-33.22,82.78,1.00
31.49,81.06,1.00
22.49,82.82,1.00
76.93,44.43,1.00
-50.83,49.93,1.00
-81.89,78.42,-1.00
94.46,72.69,1.00
85.75,13.91,1.00
96.77,-60.58,1.00
94.18,27.89,1.00
92.19,12.09,1.00
-21.36,35.33,1.00
92.46,-35.39,1.00
17.32,68.08,1.00
44.07,80.58,1.00
-55.23,54.41,1.00
67.68,-27.38,1.00
52.12,16.57,1.00
55.85,35.80,-1.00
64.27,-46.53,1.00
72.27,15.44,1.00
89.08,-43.24,1.00
1.41,69.85,1.00
66.97,-53.71,1.00
96.96,-5.05,1.00
32.58,94.59,1.00
-77.29,88.01,1.00
-38.87,44.06,1.00
16.35,34.70,1.00
27.29,90.47,-1.00
-57.93,80.22,1.00
13.77,67.23,1.00
61.75,-7.84,1.00
94.83,57.15,-1.00
99.91,-33.39,1.00
9.58,27.64,1.00
75.06,-12.97,1.00
39.38,39.36,-1.00
18.93,75.52,1.00
77.77,47.26,1.00
22.08,-6.44,1.00
99.62,-44.27,1.00
65.58,86.62,1.00
91.50,-58.30,1.00
-1.51,37.69,1.00
1.05,6.81,1.00
59.10,-38.84,1.00
96.30,-49.97,1.00
-14.21,33.14,-1.00
35.93,12.12,1.00
-36.81,57.11,1.00
79.42,-28.07,1.00
96.30,-53.18,1.00
93.05,34.46,1.00
-18.19,87.40,1.00
53.56,89.54,1.00
-24.88,60.67,1.00
-61.62,92.73,1.00
-18.55,48.41,1.00
26.49,16.60,1.00
73.20,26.78,1.00
32.51,71.27,1.00
35.61,96.23,1.00
-49.97,96.56,-1.00
65.80,-1.11,1.00
-29.23,44.47,1.00
88.12,-48.88,1.00
-27.16,70.53,-1.00
40.99,58.02,1.00
-18.68,71.58,1.00
-26.53,60.94,1.00
-71.09,88.53,1.00
93.50,-8.46,1.00
91.81,69.27,1.00
3.73,29.08,1.00
-22.50,82.30,1.00
-15.51,51.94,1.00
80.60,87.74,1.00
-47.02,43.35,1.00
85.34,-57.76,1.00
98.93,54.75,1.00
88.12,-32.59,1.00
60.95,85.32,1.00
32.15,50.94,1.00
0.76,81.21,1.00
91.66,11.81,1.00
-36.84,99.48,1.00
47.60,39.06,1.00
17.33,-10.74,1.00
73.22,-21.95,-1.00
87.70,37.70,1.00
5.85,-1.20,1.00
11.37,-0.12,1.00
33.31,-3.00,1.00
46.11,-35.66,1.00
-34.49,70.97,1.00
-56.24,52.39,1.00
58.32,95.46,1.00
58.16,-28.63,1.00
-68.23,54.83,1.00
54.71,-42.28,1.00
1.21,74.10,1.00
-3.23,86.03,1.00
-69.88,92.52,1.00
55.49,-15.47,1.00
36.39,55.55,1.00
82.40,35.80,1.00
27.11,82.51,1.00
76.04,0.11,1.00
60.85,-47.10,1.00
44.59,78.50,1.00
98.69,99.72,1.00
83.16,2.14,1.00
11.91,50.12,1.00
-51.37,70.99,1.00
86.04,12.14,1.00
-30.69,33.94,1.00
-36.55,38.29,1.00
60.97,89.84,1.00
31.05,22.96,1.00
-94.63,96.07,1.00
5.75,12.41,1.00
1.20,3.33,1.00
26.95,30.21,1.00
-82.76,86.75,1.00
63.57,88.67,1.00
-14.33,59.77,1.00
98.83,58.56,1.00
8.02,36.30,1.00
79.14,-11.99,1.00
28.74,-1.56,-1.00
-42.40,70.75,1.00
53.52,1.91,1.00
20.91,51.33,1.00
99.09,-61.16,1.00
57.56,-24.41,1.00
51.99,49.36,1.00
-26.04,39.72,1.00
16.65,67.73,1.00
-49.51,48.67,1.00
-3.98,65.13,1.00
-32.02,35.82,-1.00
-9.80,60.55,-1.00
-74.96,83.05,1.00
-28.15,99.19,1.00
-19.40,53.93,1.00
46.27,64.02,1.00
50.40,-24.17,1.00
87.73,-38.74,1.00
22.84,72.00,1.00
94.51,14.32,1.00
-42.59,56.83,1.00
0.46,72.29,1.00
23.55,39.77,1.00
23.54,-10.14,-1.00
16.20,13.46,1.00
51.19,90.91,1.00
78.96,-3.34,1.00
-6.02,52.63,1.00
89.99,40.43,1.00
93.78,-62.93,1.00
96.00,-72.01,1.00
-73.14,98.03,1.00
5.27,82.91,1.00
-13.71,49.21,1.00
71.71,72.52,1.00
45.44,87.96,1.00
73.00,-33.70,1.00
-20.30,88.43,1.00
41.38,92.41,1.00
54.92,-7.31,1.00
62.85,40.25,1.00
80.04,-30.99,1.00
-11.43,50.72,1.00
-41.72,95.68,1.00
36.39,40.90,1.00
63.90,43.09,1.00
94.90,10.75,1.00
41.81,-10.03,1.00
69.88,60.99,1.00
83.27,92.25,1.00
60.79,-14.16,1.00
52.22,-4.05,1.00
9.44,20.98,-1.00
-32.92,48.60,1.00
94.26,91.23,1.00
52.43,10.72,1.00
8.22,72.15,-1.00
58.24,12.88,1.00
92.90,-19.07,1.00
38.71,20.64,1.00
90.67,63.15,1.00
82.61,15.02,1.00
86.31,-63.95,1.00
-0.79,39.39,1.00
70.95,-36.46,1.00
3.01,86.18,1.00
91.84,66.26,1.00
66.57,12.63,1.00
10.49,30.21,1.00
87.67,75.05,1.00
-60.09,83.41,-1.00
45.37,-9.78,1.00
-39.54,32.05,1.00
76.00,-55.77,1.00
-36.31,76.92,-1.00
81.31,-42.86,1.00
76.76,24.43,1.00
83.63,33.32,1.00
-37.75,59.22,1.00
-26.66,83.79,1.00
31.72,79.23,1.00
51.23,43.75,1.00
-88.49,96.99,1.00
82.55,82.98,1.00
-29.15,26.44,1.00
93.82,-20.89,1.00
84.43,-2.47,1.00
68.71,92.73,-1.00
71.58,17.26,1.00
36.75,10.73,1.00
65.72,99.22,-1.00
-18.56,15.52,1.00
71.69,38.41,1.00
88.68,-67.28,1.00
15.57,71.40,-1.00
90.78,-24.10,1.00
36.77,11.68,1.00
-4.74,41.55,1.00
50.17,97.73,1.00
-63.47,79.85,1.00
-81.22,93.37,1.00
50.85,82.73,1.00
25.28,69.09,1.00
7.53,21.66,1.00
-15.13,51.83,1.00
59.19,63.37,1.00
66.78,49.59,1.00
-79.20,71.01,1.00
80.17,-3.42,1.00
56.29,49.14,1.00
87.22,76.59,1.00
30.63,-14.62,1.00
72.58,63.93,1.00
37.28,-25.16,1.00
84.28,45.00,1.00
-5.58,47.50,1.00
12.28,80.93,1.00
-20.23,77.94,1.00
87.25,12.41,1.00
48.52,5.66,-1.00
4.69,25.69,1.00
69.16,28.27,1.00
-44.61,82.78,1.00
80.80,-32.01,1.00
-13.09,56.81,1.00
-27.88,73.05,1.00
81.90,54.55,1.00
71.97,-52.23,1.00
1.48,76.71,1.00
-82.43,99.75,1.00
74.33,-0.91,1.00
62.96,38.90,1.00
59.54,34.77,1.00
-93.78,83.82,1.00
-6.88,27.43,1.00
37.36,83.31,1.00
2.59,1.02,1.00
26.07,65.14,1.00
88.05,94.51,1.00
-26.97,42.96,1.00
38.85,61.45,1.00
8.76,8.34,1.00
60.66,52.68,1.00
28.02,-20.58,1.00
88.23,-12.93,1.00
30.41,12.78,1.00
94.81,-10.12,1.00
99.29,14.55,1.00
95.22,-64.62,1.00
-30.10,80.17,1.00
-14.25,82.01,1.00
-0.77,62.90,1.00
26.56,86.60,1.00
-53.29,89.09,1.00
-53.43,68.83,1.00
20.11,-5.58,1.00
59.77,33.77,1.00
23.61,60.99,1.00
-51.77,88.92,1.00
-43.64,96.68,1.00
16.02,33.51,1.00
46.19,81.37,1.00
39.07,-3.38,1.00
94.35,-34.24,1.00
96.88,20.53,1.00
93.02,-74.25,1.00
69.78,-21.16,1.00
-90.17,83.67,1.00
66.45,23.23,1.00
-73.31,96.30,1.00
-74.01,-93.42,-1.00
-33.14,-71.41,-1.00
-38.71,-53.57,-1.00
-78.70,-67.70,-1.00
1.23,-36.21,-1.00
90.53,-87.40,-1.00
-4.40,-53.06,-1.00
2.25,-29.85,-1.00
10.75,-79.88,-1.00
-16.32,-58.32,-1.00
-75.06,53.39,-1.00
-99.35,-33.04,-1.00
-84.21,30.49,-1.00
-8.69,6.03,-1.00
-56.94,44.20,-1.00
-30.41,14.98,-1.00
-47.41,-17.00,-1.00
-32.94,-54.25,-1.00
-98.01,-42.58,-1.00
-42.72,-48.86,-1.00
14.55,-38.92,-1.00
-72.90,15.71,-1.00
-43.75,24.02,-1.00
-86.66,-64.70,-1.00
25.46,-50.08,-1.00
-54.24,-74.62,1.00
-39.29,4.41,-1.00
-48.67,-7.67,1.00
-95.50,17.80,-1.00
-89.50,-33.86,-1.00
-87.29,60.31,-1.00
-58.01,-21.41,-1.00
-45.33,18.77,-1.00
-75.66,17.36,1.00
23.55,-70.59,-1.00
-97.23,7.90,-1.00
-6.93,-65.80,-1.00
45.32,-51.22,-1.00
-78.82,50.86,-1.00
-86.72,14.01,1.00
-40.38,-87.09,-1.00
-0.04,-46.07,-1.00
-69.28,-5.58,-1.00
4.57,-4.84,-1.00
-69.13,-0.64,-1.00
-2.47,-42.26,-1.00
-3.71,-34.93,-1.00
2.96,-53.86,-1.00
-54.31,-37.86,-1.00
-32.51,-72.87,-1.00
74.19,-89.35,1.00
-94.03,-52.34,-1.00
-99.48,-48.26,1.00
-91.42,-82.89,-1.00
-96.97,-61.63,-1.00
64.66,-78.77,-1.00
-74.03,-63.66,-1.00
-83.82,15.05,1.00
-12.52,-20.79,-1.00
-70.55,-52.45,-1.00
-79.07,-20.34,-1.00
62.94,-71.00,-1.00
56.23,-84.59,-1.00
-64.55,39.26,-1.00
47.53,-94.64,1.00
-20.64,-72.66,-1.00
-30.89,-81.18,-1.00
-45.98,-93.94,-1.00
-75.67,58.67,-1.00
-18.33,-45.81,-1.00
54.72,-66.01,-1.00
2.94,-22.15,-1.00
3.10,-69.92,-1.00
-79.29,17.94,-1.00
-41.79,-17.99,-1.00
30.44,-71.01,-1.00
0.06,-52.37,-1.00
-12.70,-97.80,-1.00
50.88,-58.76,1.00
-69.39,-99.10,-1.00
-58.92,-93.15,-1.00
25.83,-85.35,1.00
-58.34,-53.19,-1.00
72.41,-82.75,-1.00
-20.45,-57.27,-1.00
-37.74,-29.11,-1.00
-31.64,7.88,-1.00
-90.66,56.51,-1.00
37.74,-35.36,1.00
-69.98,53.89,-1.00
38.42,-98.51,-1.00
-80.88,-3.97,-1.00
-91.03,35.89,-1.00
66.39,-70.77,-1.00
-58.67,-0.49,-1.00
-69.15,-10.06,-1.00
24.53,-60.37,-1.00
-77.34,-81.67,-1.00
66.67,-98.66,-1.00
-66.27,-10.25,-1.00
-76.80,-69.05,-1.00
-41.59,-49.10,-1.00
29.22,-53.33,-1.00
72.65,-80.01,-1.00
-81.12,-61.10,-1.00
-38.76,-21.46,-1.00
22.74,-35.92,-1.00
-34.99,-71.89,-1.00
35.30,-75.98,1.00
3.63,-12.49,-1.00
27.24,-39.88,-1.00
-75.57,53.94,-1.00
-42.27,-98.57,-1.00
-81.40,-57.65,-1.00
-82.81,34.76,-1.00
-58.73,13.22,-1.00
-4.17,-35.22,-1.00
-43.53,13.37,-1.00
-50.56,-94.21,1.00
-3.62,-69.51,-1.00
-99.48,-6.93,-1.00
40.65,-86.84,-1.00
-97.41,-16.62,-1.00
-81.80,26.17,-1.00
36.91,-85.41,-1.00
1.88,-67.02,-1.00
34.40,-59.35,-1.00
-83.82,-10.59,-1.00
23.40,-53.24,-1.00
77.71,-87.30,-1.00
18.20,-94.91,1.00
-78.77,61.01,-1.00
-22.85,-96.30,-1.00
-62.52,-94.40,-1.00
-54.34,-80.27,-1.00
4.96,-79.93,-1.00
60.93,-79.38,-1.00
-38.22,14.86,-1.00
-49.90,5.53,-1.00
-26.40,-10.86,-1.00
-3.49,-23.70,1.00
-66.34,17.64,-1.00
35.41,-90.39,1.00
12.49,-59.28,-1.00
-50.59,34.81,-1.00
-88.33,-15.76,1.00
-5.17,-71.53,-1.00
69.33,-93.10,-1.00
-46.97,-23.43,-1.00
-23.04,-39.34,-1.00
-53.84,-82.06,-1.00
-58.52,7.01,-1.00
-81.04,-75.87,-1.00
63.75,-54.98,-1.00
-4.46,-66.92,1.00
-63.39,-9.44,-1.00
-72.42,48.53,-1.00
44.54,-73.14,-1.00
-80.20,2.51,1.00
61.01,-90.67,-1.00
-44.96,27.76,-1.00
89.47,-89.40,-1.00
50.75,-96.28,-1.00
5.73,-75.17,-1.00
47.49,-97.55,-1.00
-84.02,-5.17,-1.00
22.44,-72.25,-1.00
-3.81,-14.05,-1.00
-78.06,-12.70,-1.00
-64.39,50.04,-1.00
-0.39,-75.46,-1.00
-49.99,-71.73,-1.00
-8.17,-64.38,-1.00
-82.01,-14.98,-1.00
-86.31,-61.70,-1.00
-9.39,-86.74,-1.00
-46.55,-62.62,-1.00
3.47,-8.46,-1.00
-70.94,0.70,-1.00
-65.05,-96.45,-1.00
74.03,-67.21,-1.00
-46.87,20.09,-1.00
-46.09,-2.79,-1.00
-78.19,-25.42,-1.00
30.04,-43.15,-1.00
41.58,-43.16,-1.00
85.65,-97.85,-1.00
-57.83,-66.16,-1.00
-73.02,-67.84,-1.00
-39.36,-6.26,-1.00
-58.58,25.07,-1.00
-78.10,-28.92,1.00
-86.62,22.07,-1.00
-68.97,23.27,-1.00
-94.98,-48.98,-1.00
-48.35,-44.08,-1.00
43.98,-55.89,-1.00
-80.39,55.06,-1.00
31.24,-70.31,1.00
-52.84,-54.42,-1.00
-5.62,-85.06,-1.00
-94.37,-55.39,-1.00
-34.54,7.43,-1.00
-29.05,-83.31,-1.00
-45.47,-54.29,-1.00
23.45,-71.41,-1.00
-70.31,-54.22,-1.00
-93.45,-34.85,-1.00
27.05,-58.48,-1.00
73.66,-69.29,1.00
-20.66,-33.09,-1.00
5.27,-68.60,-1.00
20.12,-88.32,-1.00
-71.20,19.95,-1.00
-97.54,-25.00,1.00
-21.34,-95.88,-1.00
-24.07,-8.15,-1.00
58.42,-60.28,-1.00
51.42,-73.73,-1.00
2.58,-65.14,-1.00
-96.45,-11.93,-1.00
-95.14,-24.56,-1.00
-92.63,-60.09,-1.00
-40.95,-58.96,-1.00
43.96,-56.72,-1.00
-33.79,-90.51,-1.00
11.93,-25.97,-1.00
94.65,-84.86,-1.00
14.70,-19.30,-1.00
-46.67,-62.62,-1.00
43.37,-47.16,-1.00
-2.28,-5.00,-1.00
23.88,-53.06,-1.00
-97.78,-41.14,-1.00
-14.21,-13.42,-1.00
16.81,-19.40,-1.00
-54.95,39.60,-1.00
27.67,-67.58,-1.00
33.37,-91.62,-1.00
-46.17,22.10,-1.00
-97.29,26.92,-1.00
-42.01,-13.41,-1.00
21.91,-85.51,-1.00
-78.11,42.07,-1.00
6.63,-85.35,-1.00
7.65,-31.99,1.00
-80.19,-26.13,-1.00
-45.62,-7.07,-1.00
88.68,-91.37,-1.00
-21.24,-37.15,-1.00
-7.44,-38.59,-1.00
-6.58,-36.44,-1.00
-53.45,-31.91,-1.00
-52.57,-95.64,-1.00
-70.29,-11.13,-1.00
-60.65,-47.64,-1.00
-46.81,-44.94,-1.00
-63.23,-39.19,-1.00
35.34,-58.39,-1.00
-47.27,-32.16,-1.00
1.63,-62.99,-1.00
-99.26,55.88,-1.00
-36.42,-8.41,-1.00
-35.80,-11.36,-1.00
-33.52,-73.68,1.00
-58.17,-29.18,-1.00
-65.67,-86.51,-1.00
-52.16,-37.19,-1.00
-94.66,6.26,-1.00
-58.00,-81.16,1.00
-65.55,27.98,-1.00
29.79,-81.27,-1.00
57.04,-55.56,-1.00
-70.95,31.24,-1.00
-12.81,-80.34,-1.00
-64.27,4.41,-1.00
-91.45,-3.95,-1.00
-59.71,-45.87,-1.00
-83.37,-89.57,-1.00
-78.67,-35.49,1.00
-60.46,-82.39,-1.00
-16.60,-62.67,1.00
-42.23,-16.94,-1.00
-4.57,-77.92,-1.00
-80.66,-4.73,-1.00
-94.11,38.20,-1.00
-53.84,-1.38,-1.00
-76.36,-50.35,-1.00
-46.35,26.56,-1.00
-22.97,-50.11,-1.00
-39.71,29.25,-1.00
-16.39,-40.49,-1.00
-31.97,-20.71,-1.00
-85.55,28.32,-1.00
-43.24,-26.33,-1.00
-73.46,24.00,-1.00
40.68,-42.75,-1.00
-28.65,-45.99,-1.00
-61.14,-0.66,-1.00
27.51,-82.41,-1.00
-53.43,10.31,-1.00
-3.74,-79.33,-1.00
-96.92,-87.50,-1.00
67.28,-75.44,-1.00
-92.49,49.91,-1.00
30.53,-67.34,-1.00
24.20,-81.39,-1.00
-65.47,-41.49,-1.00
-87.22,-24.01,-1.00
-47.56,-35.42,-1.00
-54.62,-14.57,-1.00
-9.34,-74.09,-1.00
-53.06,-54.24,-1.00
-16.76,0.11,-1.00
-40.03,-3.48,-1.00
-45.77,-2.15,1.00
56.67,-46.66,-1.00
-59.13,32.15,-1.00
-34.05,-5.71,-1.00
-1.35,-33.74,-1.00
-93.82,-21.25,-1.00
-1.01,-64.46,1.00
-71.65,44.20,-1.00
-59.36,-54.76,1.00
-77.17,-30.72,-1.00
37.32,-81.94,-1.00
-97.66,6.73,-1.00
-40.00,-37.51,-1.00
-78.84,-37.55,-1.00
64.84,-75.81,-1.00
-47.11,-31.44,-1.00
-3.07,-1.43,-1.00
-71.27,-29.73,-1.00
-73.42,-37.25,-1.00
-70.24,-10.93,-1.00
-85.31,5.76,1.00
-50.75,4.60,-1.00
-73.82,50.90,-1.00
-8.68,-86.59,-1.00
-51.40,25.54,-1.00
12.49,-24.17,-1.00
0.73,-18.41,-1.00
-46.07,25.77,1.00
-98.12,18.75,-1.00
-55.83,-56.60,-1.00
-30.48,12.78,1.00
-55.15,-30.43,-1.00
76.15,-69.89,-1.00
20.66,-86.25,-1.00
30.35,-85.65,-1.00
21.36,-29.96,-1.00
59.98,-92.96,-1.00
-41.67,-97.26,-1.00
-48.36,33.46,-1.00
54.59,-94.60,1.00
-93.63,-84.54,-1.00
-69.87,14.63,-1.00
-89.16,-23.44,1.00
-37.53,-33.69,-1.00
-21.73,-26.31,-1.00
22.56,-32.48,-1.00
-80.98,-24.26,-1.00
28.58,-53.56,-1.00
-50.81,-85.43,-1.00
-85.24,63.98,-1.00
60.03,-57.87,-1.00
30.81,-56.90,1.00
74.52,-94.82,-1.00
-55.33,-77.77,-1.00
-3.06,-58.54,-1.00
-42.26,-17.77,-1.00
-94.27,58.36,-1.00
14.80,-42.97,-1.00
10.72,-68.58,-1.00
-93.57,54.55,-1.00
-96.59,-51.28,-1.00
-35.73,-99.70,1.00
79.54,-78.88,-1.00
18.81,-72.39,1.00
-30.83,-72.13,-1.00
-32.19,-53.79,-1.00
5.20,-98.87,-1.00
-40.98,-61.03,-1.00
-35.13,-50.99,-1.00
-62.79,-56.83,-1.00
-98.69,20.70,-1.00
29.91,-35.79,-1.00
-17.69,-29.88,-1.00
-44.75,-1.56,-1.00
-97.69,-95.41,-1.00
-81.07,6.19,-1.00
-98.21,-9.16,-1.00
-98.62,-34.03,-1.00
-93.97,5.44,-1.00
-49.51,31.54,-1.00
-19.03,-95.13,-1.00
3.10,-85.62,-1.00
-31.23,-63.46,-1.00
41.86,-56.58,1.00
-53.76,30.18,-1.00
0.39,-54.71,-1.00
-81.60,-74.30,-1.00
-95.36,34.32,-1.00
14.46,-48.26,-1.00
-8.36,-23.82,-1.00
-67.56,31.82,-1.00
-48.06,33.40,-1.00
-54.05,-58.82,-1.00
-62.47,-84.25,-1.00
-5.82,-60.05,-1.00
-15.07,-62.93,-1.00
-82.56,-86.54,-1.00
-11.10,2.20,-1.00
-56.80,-60.61,-1.00
27.54,-79.22,1.00
-84.68,-26.92,-1.00
4.77,-61.05,1.00
-92.47,-23.63,-1.00
-92.11,43.05,-1.00
13.62,-94.90,-1.00
36.05,-94.82,-1.00
0.45,-74.93,1.00
39.59,-83.09,-1.00
-80.58,-31.61,-1.00
-42.18,-3.50,-1.00
-61.09,-69.40,-1.00
-86.21,-10.65,-1.00
-35.98,-22.04,-1.00
-0.10,-47.98,-1.00
-26.67,-98.12,-1.00
-76.65,45.44,1.00
1.43,-84.32,-1.00
-54.92,33.28,-1.00
-33.52,-63.30,-1.00
-39.45,-7.40,-1.00
23.32,-45.65,-1.00
-5.72,-17.37,-1.00
-91.73,-63.07,1.00
-37.22,-77.64,-1.00
-93.31,35.80,-1.00
-36.00,-87.71,-1.00
-73.64,10.45,-1.00
-7.66,-41.94,-1.00
-88.09,45.60,-1.00
-42.04,-31.38,-1.00
-98.60,-6.68,-1.00
40.92,-35.01,-1.00
-76.63,-33.42,1.00
-27.06,-65.32,-1.00
-43.45,-88.50,-1.00
35.07,-47.61,-1.00
81.66,-83.69,-1.00
-21.01,-53.34,-1.00
1.48,-34.51,-1.00
6.72,-81.41,-1.00
-50.41,-66.55,-1.00
26.26,-79.24,-1.00
-65.81,20.57,-1.00
31.49,-91.23,-1.00
99.62,-86.11,-1.00
7.12,-21.33,-1.00
-43.67,-9.20,-1.00
7.70,-23.58,1.00
-82.30,10.18,-1.00
44.22,-91.57,-1.00
-76.12,-73.98,-1.00
45.10,-66.18,-1.00
-54.37,-12.47,-1.00
-59.82,34.53,-1.00
-80.21,57.29,-1.00
-58.98,37.84,-1.00
-56.85,-50.88,-1.00
85.38,-93.94,-1.00
52.27,-54.27,-1.00
-43.76,-26.47,-1.00
62.46,-65.41,-1.00
14.59,-75.70,-1.00
9.00,-9.92,-1.00
-69.41,-57.41,-1.00
-74.17,-44.64,-1.00
-11.21,-11.64,-1.00
31.23,-39.22,-1.00
-31.34,-37.33,-1.00
-55.05,-19.42,-1.00
86.36,-99.45,-1.00
77.92,-88.52,-1.00
-70.12,49.38,-1.00
-16.45,-53.21,-1.00
69.10,-71.21,-1.00
-4.78,1.10,-1.00
-73.28,4.47,-1.00
-5.70,-44.86,-1.00
41.80,-89.21,-1.00
-69.16,-3.31,-1.00
-63.43,-76.77,-1.00
-56.99,-32.50,-1.00
-78.61,61.17,-1.00
-71.48,15.19,-1.00
-55.77,-16.60,-1.00
37.66,-97.53,-1.00
-13.64,-86.96,1.00
-22.30,-51.75,-1.00
-20.19,-69.24,-1.00
27.30,-43.08,-1.00
-44.19,-67.85,-1.00
55.12,-80.76,-1.00
-71.09,-88.07,1.00
1.84,-65.40,-1.00
-54.24,18.51,-1.00
-94.07,61.07,-1.00
-11.35,-83.58,-1.00
35.77,-43.10,-1.00
36.34,-99.01,1.00
-71.53,-47.97,-1.00
4.57,-49.05,-1.00
-85.68,-52.02,-1.00
8.63,-75.22,-1.00
-72.74,-79.82,-1.00
15.29,-89.47,-1.00
-62.13,-30.08,-1.00
2.17,-37.89,-1.00
46.51,-48.41,1.00
-95.15,12.08,-1.00
87.95,-90.20,-1.00
22.94,-25.18,-1.00
10.24,-70.15,-1.00
-7.49,-37.23,-1.00
-65.96,-23.45,-1.00
29.72,-37.57,-1.00
-80.24,58.92,-1.00
-85.70,-95.88,-1.00
-95.62,-7.18,-1.00
-64.03,-63.22,-1.00
47.48,-66.21,-1.00
-50.60,7.28,-1.00
40.33,-99.50,-1.00
-64.48,-19.25,-1.00
-14.04,-37.43,-1.00
-19.23,-28.12,-1.00
-21.00,-11.20,-1.00
-97.39,-9.54,-1.00
18.02,-56.52,-1.00
-80.40,-78.40,-1.00
-67.89,-11.09,-1.00
-95.37,9.08,-1.00
-52.06,-90.07,-1.00
-68.97,-98.62,-1.00
-19.50,-87.51,-1.00
-63.65,-82.07,1.00
-51.27,-50.98,-1.00
-88.92,16.79,-1.00
38.05,-61.90,1.00
-65.05,12.80,-1.00
-78.54,39.34,-1.00
-75.10,-11.46,-1.00
-98.52,-42.48,-1.00
35.76,-63.33,-1.00
91.30,-80.91,-1.00
-59.28,-93.75,-1.00
-28.26,10.35,1.00
60.09,-66.50,-1.00
-82.53,-65.24,-1.00
-11.64,-29.02,-1.00
-71.47,5.03,-1.00
-60.84,-74.44,-1.00
-41.91,23.74,-1.00
-28.50,-36.50,-1.00
-11.81,-94.62,-1.00
-15.38,-97.17,-1.00
-79.04,10.13,-1.00
-10.89,-75.77,-1.00
-62.48,25.45,-1.00
-15.42,5.79,-1.00
70.37,-85.46,-1.00
-69.39,39.66,-1.00
-94.45,-31.69,-1.00
57.90,-91.10,-1.00
-68.92,-18.23,-1.00
-34.15,-79.00,-1.00
-84.13,-92.05,1.00
-21.21,-90.29,-1.00
-85.05,16.95,-1.00
26.29,-99.50,-1.00
-33.30,-27.91,-1.00
-79.23,-27.39,-1.00
11.07,-16.93,-1.00
3.91,-20.81,-1.00
-7.30,-47.46,1.00
-97.78,-0.28,-1.00
-77.72,-20.49,1.00
48.72,-93.07,-1.00
2.75,-50.13,-1.00
-98.69,16.37,-1.00
13.06,-30.34,-1.00
34.05,-51.64,1.00
-79.57,32.65,-1.00
-95.30,-71.47,-1.00
-6.48,-94.22,-1.00
-62.94,-29.60,-1.00
-34.62,4.65,-1.00
49.41,-79.25,-1.00
-89.95,-10.26,-1.00
-31.49,-42.66,-1.00
18.04,-36.94,-1.00
-13.61,-8.10,-1.00
-17.02,-88.88,-1.00
-97.77,21.37,-1.00
-26.70,-75.51,-1.00
44.16,-67.99,-1.00
-20.00,-27.70,-1.00
49.95,-76.37,-1.00
61.07,-87.84,1.00
-39.33,28.20,-1.00
79.41,-69.41,-1.00
-89.96,-70.53,-1.00
6.74,-55.46,-1.00
-14.08,-5.99,-1.00
-77.43,-15.93,-1.00
5.85,-91.30,-1.00
-49.65,-50.46,-1.00
-63.22,-64.33,1.00
-33.95,-79.49,-1.00
-86.15,-17.40,-1.00
52.54,-95.90,-1.00
19.21,-83.26,-1.00
-40.25,-13.57,-1.00
-68.73,-25.45,-1.00
-28.54,-75.98,-1.00
-17.43,-38.02,-1.00
-65.08,6.11,1.00
-9.81,-39.25,-1.00
-17.07,-49.09,-1.00
82.02,-68.61,-1.00
-99.50,68.04,-1.00
-19.17,-34.89,-1.00
63.12,-93.77,-1.00
-55.94,-14.30,-1.00
-85.23,-24.36,-1.00
-48.02,13.80,-1.00
-63.67,-50.55,-1.00
-30.10,22.48,-1.00
-53.83,-21.01,-1.00
-91.89,-71.76,-1.00
-64.42,6.11,-1.00
-1.80,-62.64,-1.00
6.03,-61.51,-1.00
-10.02,-94.55,-1.00
-12.45,-25.63,-1.00
48.34,-96.81,-1.00
-64.42,45.64,-1.00
59.47,-64.44,1.00
5.91,-88.91,-1.00
-64.93,22.24,-1.00
-80.66,-86.70,-1.00
-67.83,-39.06,-1.00
-40.01,-69.44,-1.00
-35.14,-50.42,-1.00
-86.20,-15.85,-1.00
-76.43,4.50,-1.00
40.25,-86.27,1.00
-61.48,-1.71,-1.00
-58.89,-80.50,-1.00
-55.79,-71.04,-1.00
-71.99,-68.63,1.00
-98.96,53.43,-1.00
18.64,-29.10,-1.00
-30.67,19.88,-1.00
-60.12,-87.92,-1.00
-5.73,-17.76,-1.00
8.38,-67.35,-1.00
-1.29,-52.73,-1.00
-30.04,-69.30,-1.00
-56.56,-23.28,1.00
-63.62,-43.03,-1.00
-7.37,-79.08,-1.00
12.94,-93.76,-1.00
-6.29,-86.18,-1.00
-43.97,29.81,-1.00
-86.03,-68.46,-1.00
-16.28,-61.29,-1.00
73.27,-82.76,1.00
-51.14,-24.54,1.00
81.00,-95.78,-1.00
-40.93,-86.23,-1.00
-98.79,-93.37,-1.00
-79.21,58.43,-1.00
-33.40,22.49,-1.00
21.03,-63.07,-1.00
-64.04,-71.99,-1.00
-53.55,-7.13,-1.00
4.40,-41.58,-1.00
-1.62,-77.26,-1.00
-95.73,10.93,-1.00
-48.90,30.93,-1.00
-66.02,-77.44,-1.00
-50.09,12.37,-1.00
-87.27,9.71,-1.00
21.51,-71.26,-1.00
-65.08,36.94,-1.00
-62.72,30.92,-1.00
-52.24,3.83,-1.00
-66.12,19.24,1.00
37.98,-43.57,-1.00
28.76,-36.16,-1.00
-66.39,-25.27,-1.00
-38.33,-37.92,-1.00
-14.20,-95.97,-1.00
12.64,-71.72,-1.00
41.52,-44.02,-1.00
-92.40,-17.04,-1.00
-73.91,-61.91,1.00
-45.59,-26.11,-1.00
-14.38,-63.84,-1.00
19.19,-51.09,-1.00
-93.69,43.80,-1.00
-64.18,38.39,-1.00
-47.92,-52.59,-1.00
5.27,-95.80,-1.00
-23.34,-50.60,1.00
-73.25,-30.12,-1.00
-62.65,23.99,-1.00
-93.57,-15.50,-1.00
-92.16,49.48,-1.00
9.49,-49.99,-1.00
37.38,-73.02,-1.00
-68.37,-58.41,-1.00
-32.36,19.46,-1.00
-30.87,-46.29,-1.00
-23.89,0.97,-1.00
7.81,-82.53,-1.00
-17.87,-84.84,-1.00
-97.85,-62.40,-1.00
60.56,-84.29,-1.00
69.03,-71.71,-1.00
73.41,-73.07,-1.00
-92.64,-51.69,-1.00
-96.75,-75.67,-1.00
-59.08,25.02,-1.00
-24.60,-72.24,-1.00
-53.87,-98.58,-1.00
-78.82,-10.14,-1.00
13.15,-95.44,-1.00
-84.21,-97.71,-1.00
-88.13,-65.12,-1.00
-23.61,-68.09,-1.00
-60.78,-44.41,-1.00
-63.26,-35.67,-1.00
65.33,-71.44,-1.00
-92.86,-64.60,-1.00
-59.45,-66.17,-1.00
-19.15,-65.81,-1.00
-63.07,0.37,-1.00
38.47,-88.97,-1.00
-54.49,-31.73,-1.00
27.84,-67.73,-1.00
55.43,-50.25,1.00
85.80,-99.45,-1.00
41.52,-59.84,1.00
-38.60,-87.41,-1.00
59.16,-76.91,-1.00
-89.97,0.62,-1.00
22.71,-25.67,-1.00
-62.85,-25.92,-1.00
62.47,-85.69,-1.00
-64.93,29.81,-1.00
-87.30,65.97,-1.00
10.81,-88.86,-1.00
-69.81,24.08,-1.00
-87.79,9.73,-1.00
-93.37,56.39,-1.00
-37.31,-76.39,-1.00
-35.11,14.50,1.00
41.70,-47.31,-1.00
-36.74,-44.22,-1.00
33.23,-62.26,-1.00
-75.12,-77.27,-1.00
-48.83,-10.53,-1.00
50.84,-49.32,-1.00
38.34,-94.79,-1.00
73.67,-61.59,-1.00
-34.58,-93.76,1.00
10.95,-41.16,-1.00
-65.28,-26.92,-1.00
-47.86,22.31,-1.00
-73.25,-19.90,-1.00
39.69,-41.50,-1.00
-28.35,-69.81,-1.00
-48.36,6.31,-1.00
0.39,-52.12,-1.00
-30.56,-18.80,-1.00
-57.12,36.38,-1.00
-20.29,-60.64,-1.00
-76.64,45.59,-1.00
-74.66,-35.67,1.00
-48.63,-17.39,-1.00
-26.84,-84.38,-1.00
-34.97,-34.79,-1.00
-86.61,-50.46,-1.00
2.52,-34.80,-1.00
-87.63,-52.70,-1.00
-99.97,68.15,-1.00
52.55,-83.34,-1.00
-3.22,-40.85,-1.00
-16.30,-60.66,-1.00
-33.90,-93.93,-1.00
-80.05,-33.99,-1.00
-48.52,-43.77,-1.00
-66.34,1.34,-1.00
94.57,-83.62,-1.00
-98.20,10.37,-1.00
-83.70,-99.61,-1.00
-91.00,41.47,-1.00
-58.20,-30.85,-1.00
-56.51,36.57,-1.00
4.56,-14.49,-1.00
-81.10,13.36,-1.00
-86.15,-75.94,-1.00
-25.92,-25.84,-1.00
61.65,-97.43,-1.00
-54.55,-83.00,-1.00
-76.80,-88.12,-1.00
-33.21,-70.54,-1.00
-27.51,-95.68,-1.00
56.64,-98.87,-1.00
56.44,-50.87,1.00
-53.73,29.98,-1.00
-8.05,-17.51,-1.00
67.84,-99.86,-1.00
-85.16,-0.56,-1.00
33.85,-98.59,-1.00
-48.94,16.66,-1.00
19.53,-86.46,1.00
9.26,-36.92,-1.00
22.58,-42.38,-1.00
-56.40,-73.06,-1.00
-92.85,-74.54,-1.00
-4.21,-12.47,-1.00
-72.26,-72.98,-1.00
-88.64,-49.95,-1.00
92.75,-84.08,-1.00
-39.69,-81.40,-1.00
-78.15,19.79,-1.00
8.47,-20.04,-1.00
-10.83,-43.48,-1.00
31.04,-99.79,-1.00
-9.43,-80.64,-1.00
-80.97,52.84,-1.00
-7.96,-73.03,-1.00
11.39,-53.05,-1.00
-68.19,-0.56,-1.00
-77.68,48.81,-1.00
35.36,-61.85,-1.00
95.81,-89.48,-1.00
-34.97,-88.62,-1.00
75.49,-65.64,-1.00
-60.09,-62.86,-1.00
-96.13,56.53,-1.00
91.73,-82.79,-1.00
-64.03,46.55,-1.00
55.45,-45.34,-1.00
75.46,-78.49,-1.00
20.71,-37.89,-1.00
69.30,-97.25,-1.00
-35.22,-75.64,-1.00
-87.50,-80.73,-1.00
6.25,-33.37,1.00
-36.59,-91.80,-1.00
-65.16,51.37,-1.00
-65.64,12.63,-1.00
4.08,-39.29,-1.00
92.89,-76.58,-1.00
-55.65,-77.22,-1.00
-4.74,-1.03,-1.00
14.63,-38.15,-1.00
-29.48,-26.93,-1.00
-62.69,-66.13,-1.00
19.16,-79.87,-1.00
-63.03,-3.29,-1.00
-56.43,-30.75,-1.00
-89.74,-88.61,-1.00
-6.64,-16.14,1.00
14.42,-72.77,-1.00
-74.72,-18.31,-1.00
-59.21,19.33,-1.00
-18.89,-29.70,-1.00
-70.99,-4.86,-1.00
-81.63,19.89,-1.00
-15.21,-28.76,-1.00
27.67,-49.72,-1.00
-20.04,-33.64,-1.00
6.28,-42.55,-1.00
-68.07,26.22,-1.00
-94.95,2.51,-1.00
19.75,-70.05,-1.00
-88.98,-65.03,-1.00
12.34,-85.56,-1.00
-12.11,-54.30,-1.00
37.96,-32.22,1.00
-44.05,19.62,-1.00
-16.58,-41.88,-1.00
-70.91,17.13,-1.00
-11.58,-28.38,-1.00
-17.21,-60.89,-1.00
9.99,-86.32,-1.00
-10.60,-80.13,-1.00
-59.62,-70.07,-1.00
10.66,-30.27,-1.00
68.42,-84.86,-1.00
-80.64,-16.48,1.00
-5.99,-16.85,-1.00
-40.47,-0.93,1.00
-67.51,11.56,-1.00
52.74,-81.68,-1.00
-88.15,-39.25,-1.00
20.95,-61.46,-1.00
-25.22,7.49,-1.00
-51.94,-25.77,-1.00
-5.12,-48.33,-1.00
-87.54,30.79,-1.00
-38.87,-82.45,1.00
-12.70,-61.74,-1.00
28.65,-59.17,-1.00
-10.27,-96.98,-1.00
23.65,-42.55,-1.00
-75.66,22.44,-1.00
-36.25,-28.79,-1.00
27.57,-61.79,-1.00
-5.52,-60.58,-1.00
-22.01,-60.86,-1.00
50.76,-84.60,-1.00
-46.07,-81.07,-1.00
-26.82,-75.04,-1.00
-55.34,-18.88,-1.00
38.67,-52.59,-1.00
-95.45,48.03,-1.00
9.54,-22.26,-1.00
-84.85,45.24,-1.00
0.64,-84.53,-1.00
-84.97,39.11,-1.00
74.79,-61.96,-1.00
47.25,-68.05,-1.00
34.88,-44.97,-1.00
-11.46,-90.72,-1.00
77.64,-90.62,1.00
-31.63,-58.77,-1.00
-8.34,-75.39,-1.00
-50.56,-42.37,-1.00
-66.27,15.63,-1.00
44.71,-85.25,-1.00
-72.94,-56.54,1.00
29.75,-35.91,-1.00
-83.88,-51.18,-1.00
-77.79,-64.19,-1.00
-97.94,-93.29,-1.00
-27.17,-30.59,-1.00
-74.96,-64.62,-1.00
39.59,-87.70,1.00
-25.02,-50.34,-1.00
-92.70,-29.78,-1.00
-26.95,-72.12,-1.00
-65.17,-73.58,-1.00
1.73,-13.84,-1.00
-54.98,-45.79,-1.00
-4.60,-63.60,-1.00
-65.37,22.72,-1.00
33.57,-93.71,-1.00
32.39,-59.69,-1.00
-12.32,-1.61,-1.00
-98.02,23.95,-1.00
-75.83,-46.66,-1.00
-50.44,37.78,-1.00
-35.02,-42.77,-1.00
27.37,-90.00,-1.00
-53.23,40.24,-1.00
-97.77,76.96,-1.00
-68.96,-87.01,-1.00
-75.54,-84.63,-1.00
-15.88,-86.71,1.00
-68.25,28.50,-1.00
-89.58,-22.44,-1.00
-70.31,-1.86,-1.00
-16.93,-18.79,-1.00
-48.93,14.94,-1.00
-63.45,-52.52,-1.00
-70.24,43.75,-1.00
-27.51,-31.27,-1.00
95.16,-88.29,-1.00
-99.14,-31.10,-1.00
-19.46,-61.39,-1.00
-77.12,-68.45,-1.00
-37.56,-53.92,-1.00
-75.44,-4.78,-1.00
-26.53,19.10,1.00
-53.44,-29.15,-1.00
-60.76,7.26,-1.00
-89.69,-24.02,-1.00
-49.68,-55.80,-1.00
-36.29,-37.32,-1.00
64.11,-53.99,1.00
16.49,-51.07,-1.00
